$ 1 0.000005 10.20027730826997 50 5 43 5e-11
g -96 96 -128 96 0 0
g -96 224 -128 224 0 0
g -96 352 -128 352 0 0
c -96 224 -32 224 0 0.0047 -11.101848006992713 0.001
d -96 96 -32 96 2 default
d -96 352 -32 352 2 default
d -32 352 32 352 2 default
d -32 96 32 96 2 default
v -32 96 -32 224 0 1 50 12 0 0 0.5
v -32 224 -32 352 0 1 50 12 0 0 0.5
w -96 352 -96 416 0
w 32 416 32 352 0
c -64 416 0 416 0 0.04 -22.206649224217774 0.001
w -96 416 -80 416 0
w -64 416 -80 416 0
w 0 416 32 416 0
w 32 96 32 352 0
w -32 224 128 224 0
d 128 224 192 224 2 default
w 192 224 192 96 0
w 192 96 352 96 0
f 144 144 144 96 41 1.5 0.02
34 zener-12 1 1.7143528192810002e-7 0 2.0000000000000084 12 1
z 80 144 80 96 2 zener-12
w 128 96 32 96 0
w 80 96 32 96 0
r 32 144 80 144 0 1000000
w 32 144 32 96 0
r 80 144 80 208 0 10000
w 80 208 80 320 0
f 144 336 80 336 32 1.5 0.02
g 80 352 80 384 0 0
w 144 336 224 336 0
w 160 96 192 96 0
